sample_ind.txt ----------------------------------------
Minimum Key in a Node = 42
Maximum Key in a Node = 85
Time to build the Tree = 2.31081318855
Time to calculate Skyline = 0.0558519363403
Number of Skyline = 166
Number of Comparision = 19280
Index of Skyline Points ------------------------------------
[5, 12, 29, 35, 48, 57, 75, 91, 96, 97, 98, 115, 126, 133, 138, 142, 143, 155, 157, 170, 172, 187, 195, 202, 204, 207, 210, 218, 223, 234, 235, 244, 246, 249, 255, 259, 266, 267, 271, 272, 274, 281, 290, 293, 300, 309, 313, 315, 318, 325, 338, 341, 342, 345, 348, 355, 369, 374, 376, 381, 383, 387, 391, 392, 415, 421, 423, 425, 436, 455, 470, 475, 486, 493, 498, 499, 511, 513, 517, 518, 542, 553, 555, 563, 564, 566, 568, 569, 577, 579, 582, 592, 601, 612, 614, 618, 619, 627, 630, 636, 642, 647, 648, 651, 661, 663, 671, 676, 684, 686, 689, 697, 705, 708, 709, 711, 712, 722, 741, 742, 746, 748, 751, 757, 763, 784, 785, 796, 803, 808, 812, 813, 819, 823, 828, 829, 832, 836, 842, 843, 848, 850, 857, 860, 872, 893, 894, 908, 909, 911, 943, 950, 954, 960, 961, 963, 964, 965, 970, 975, 976, 982, 983, 991, 997, 999]
sample_cor.txt ----------------------------------------
Minimum Key in a Node = 42
Maximum Key in a Node = 85
Time to build the Tree = 2.16423606873
Time to calculate Skyline = 0.00258111953735
Number of Skyline = 13
Number of Comparision = 496
Index of Skyline Points ------------------------------------
[51, 76, 243, 245, 252, 344, 383, 564, 569, 630, 731, 786, 949]
sample_ant.txt ----------------------------------------
Minimum Key in a Node = 42
Maximum Key in a Node = 85
Time to build the Tree = 2.2032558918
Time to calculate Skyline = 0.664161205292
Number of Skyline = 705
Number of Comparision = 262618
Index of Skyline Points ------------------------------------
[2, 7, 8, 10, 12, 14, 15, 16, 22, 23, 24, 25, 27, 28, 29, 30, 31, 32, 33, 34, 35, 36, 39, 40, 41, 42, 43, 44, 45, 46, 47, 48, 49, 50, 51, 52, 53, 54, 55, 56, 57, 58, 59, 60, 61, 62, 63, 68, 69, 70, 71, 72, 73, 74, 75, 76, 77, 78, 80, 81, 83, 84, 85, 86, 88, 89, 91, 92, 94, 95, 96, 99, 100, 101, 103, 104, 105, 106, 107, 108, 109, 110, 111, 112, 113, 114, 115, 116, 118, 119, 120, 121, 122, 123, 125, 126, 127, 129, 130, 132, 133, 134, 135, 136, 137, 138, 140, 142, 144, 145, 146, 147, 148, 150, 151, 153, 154, 155, 156, 158, 160, 161, 164, 165, 167, 169, 170, 171, 172, 173, 174, 175, 176, 177, 178, 179, 180, 181, 182, 183, 184, 186, 187, 190, 192, 193, 196, 198, 199, 200, 201, 202, 203, 204, 205, 206, 210, 212, 214, 215, 216, 217, 219, 220, 221, 222, 224, 225, 226, 228, 229, 230, 231, 232, 234, 235, 236, 237, 238, 239, 240, 241, 243, 244, 247, 249, 250, 251, 252, 253, 255, 256, 258, 259, 260, 261, 262, 263, 264, 266, 268, 270, 271, 273, 275, 276, 277, 279, 284, 285, 286, 289, 290, 292, 295, 298, 299, 300, 301, 304, 305, 307, 308, 309, 311, 312, 313, 314, 315, 316, 317, 318, 319, 322, 323, 324, 325, 326, 327, 328, 329, 332, 333, 334, 335, 338, 339, 343, 344, 345, 346, 347, 348, 349, 350, 351, 352, 353, 354, 355, 356, 357, 358, 359, 360, 361, 362, 363, 365, 367, 369, 371, 373, 374, 375, 376, 377, 378, 379, 380, 382, 383, 384, 385, 388, 389, 390, 392, 394, 396, 397, 398, 399, 400, 403, 406, 407, 408, 410, 411, 412, 413, 414, 415, 416, 418, 419, 423, 424, 425, 426, 427, 428, 429, 430, 432, 433, 437, 439, 442, 443, 444, 445, 447, 448, 449, 450, 453, 456, 458, 461, 464, 465, 466, 467, 471, 472, 475, 476, 477, 478, 479, 480, 481, 485, 486, 487, 488, 490, 492, 494, 495, 496, 497, 498, 500, 501, 502, 503, 504, 505, 506, 507, 508, 509, 511, 515, 517, 518, 519, 521, 523, 524, 525, 527, 528, 529, 531, 532, 533, 534, 535, 536, 539, 540, 541, 542, 544, 545, 546, 547, 548, 549, 550, 554, 555, 557, 561, 562, 563, 565, 567, 569, 571, 574, 577, 579, 580, 581, 583, 584, 585, 586, 587, 588, 589, 590, 591, 592, 593, 594, 595, 596, 597, 599, 600, 602, 604, 605, 606, 607, 608, 610, 614, 619, 620, 621, 622, 623, 624, 625, 626, 627, 630, 632, 634, 635, 636, 637, 638, 640, 641, 642, 643, 645, 647, 649, 651, 652, 653, 655, 656, 657, 659, 661, 663, 664, 666, 667, 668, 669, 670, 672, 673, 674, 675, 676, 678, 679, 680, 681, 682, 685, 686, 687, 688, 689, 691, 693, 694, 695, 697, 698, 700, 703, 704, 707, 708, 710, 711, 712, 714, 716, 717, 718, 719, 720, 721, 722, 724, 725, 726, 727, 729, 730, 731, 732, 734, 735, 736, 737, 738, 739, 740, 741, 742, 745, 746, 747, 748, 749, 750, 752, 753, 754, 757, 759, 762, 764, 766, 767, 769, 770, 771, 772, 775, 777, 778, 781, 782, 785, 787, 790, 791, 792, 794, 795, 796, 797, 798, 799, 800, 801, 802, 803, 804, 805, 806, 807, 809, 810, 811, 812, 813, 814, 816, 817, 818, 819, 820, 821, 822, 825, 826, 828, 832, 833, 835, 837, 838, 840, 841, 842, 843, 844, 845, 847, 849, 850, 851, 852, 853, 854, 855, 857, 860, 861, 862, 863, 864, 865, 866, 867, 869, 871, 873, 875, 876, 878, 880, 882, 883, 884, 885, 886, 888, 889, 892, 893, 894, 895, 896, 897, 898, 899, 900, 901, 902, 903, 905, 906, 907, 908, 909, 910, 911, 913, 914, 915, 916, 917, 918, 920, 922, 924, 925, 926, 927, 930, 931, 932, 933, 934, 935, 938, 942, 943, 944, 946, 948, 950, 951, 952, 953, 956, 958, 960, 962, 963, 965, 966, 967, 968, 969, 971, 972, 973, 974, 976, 977, 978, 982, 983, 984, 985, 986, 988, 989, 990, 991, 992, 994, 997, 998, 999]

------------------------------------------------------------------------------------

							BNL AND SFS RESULTS

Anticorrelated Dataset ----------------------------------------------------------------------------------------------------------------

BNL

Total Running Time = 0.488112
Number of Comparisions = 670243

SFS

Total Running Time = 0.388824
Number of Comparisions = 529973


Correlated Dataset -------------------------------------------------------------------------------------------------------------------

BNL

Total Running Time = 0.00744
Number of Comparisions = 2219

SFS

Total Running Time = 0.025929
Number of Comparisions = 1215

Independent Dataset ------------------------------------------------------------------------------------------------------------------

BNL

Total Running Time = 0.062267
Number of Comparisions = 70120

SFS

Total Running Time = 0.03972
Number of Comparisions = 33568

-------------------------------------------------------------------------------------

							CONCLUSION

You cannot conclude anything about time as both these are simulations. But the effectiveness of rtree is evident from the decrease in number of comparisions. 
